Expected	Run		
tenRun([2, 10, 3, 4, 20, 5]) ? [2, 10, 10, 10, 20, 20]	[2, 10, 10, 10, 20, 20]	OK	
tenRun([10, 1, 20, 2]) ? [10, 10, 20, 20]	[10, 10, 20, 20]	OK	
tenRun([10, 1, 9, 20]) ? [10, 10, 10, 20]	[10, 10, 10, 20]	OK	
tenRun([1, 2, 50, 1]) ? [1, 2, 50, 50]	[1, 2, 50, 50]	OK	
tenRun([1, 20, 50, 1]) ? [1, 20, 50, 50]	[1, 20, 50, 50]	OK	
tenRun([10, 10]) ? [10, 10]	[10, 10]	OK	
tenRun([10, 2]) ? [10, 10]	[10, 10]	OK	
tenRun([0, 2]) ? [0, 0]	[0, 0]	OK	
tenRun([1, 2]) ? [1, 2]	[1, 2]	OK	
tenRun([1]) ? [1]	[1]	OK	
tenRun([]) ? []	[]	OK	
other tests
OK	